DBMS:
sqlite

Error:
no such table: main.c

SQL:
CREATE TEMP TABLE target as
    select c1.cohort_definition_id,
           c1.subject_id,
           c1.cohort_start_date,
           case when CAST (STRFTIME('%s', DATETIME(c1.cohort_start_date, 'unixepoch', (21)||' days')) AS REAL) < op1.observation_period_end_date
            then CAST(STRFTIME('%s', DATETIME(c1.cohort_start_date, 'unixepoch', (21)||' days')) AS REAL)
            else op1.observation_period_end_date
           end as cohort_end_date
    from main.c(666, 666, 666, 666, 666, 666, 666, 666, 666, 666, 666, 666, 666, 666, 666, 666, 666, 666, 666, 666, 666, 666, 666, 666, 666, 666, 666, 666, 666, 666, 666, 666, 666, 666, 666, 666, 666, 666, 666, 666, 666, 666, 666, 666, 666, 666, 666, 666, 666, 666, 666, 666, 666, 666, 666, 666, 666, 666, 666, 666, 666, 666, 666, 666, 666, 666, 666, 666, 666, 666, 666, 666, 666, 666, 666, 666, 666, 666, 666, 666, 666, 666, 666, 666, 666, 666, 666, 666, 666, 666, 666, 666, 666, 666, 666, 666, 666, 666, 666, 666, 
666, 666, 666, 666, 666, 666, 666, 666, 666, 666, 666, 666, 666, 666, 666, 666, 666, 666, 666, 666, 666, 666, 666, 666, 666, 666, 666, 666, 666, 666, 666, 666, 666, 666, 666, 666, 666, 666, 666, 666, 666, 666, 666, 666, 666, 666, 666, 666, 666, 666, 666, 666, 666, 666, 666, 666, 666, 666, 666, 666, 666, 666, 666, 666, 666, 666, 666, 666, 666, 666, 666, 666, 666, 666, 666, 666, 666, 666, 666, 666, 666, 666, 666, 666, 666, 666, 666, 666, 666, 666, 666, 666, 666, 666, 666, 666, 666, 666, 666, 666, 666, 
666, 666, 666, 666, 666, 666, 666, 666, 666, 666, 666, 666, 666, 666, 666, 666, 666, 666, 666, 666, 666, 666, 666, 666, 666, 666, 666, 666, 666, 666, 666, 666, 666, 666, 666, 666, 666, 666, 666, 666, 666, 666, 666, 666, 666, 666, 666, 666, 666, 666, 666, 666, 666, 666, 666, 666, 666, 666, 666, 666, 666, 666, 666, 666, 666, 666, 666, 666, 666, 666, 666, 666, 666, 666, 666, 666, 666, 666, 666, 666, 666, 666, 666, 666, 666, 666, 666, 666, 666, 666, 666, 666, 666, 666, 666, 666, 666, 666, 666, 666, 666, 
666, 666, 666, 666, 666, 666, 666, 666, 666, 666, 666, 666, 666, 666, 666, 666, 666, 666, 666, 666, 666, 666, 666, 666, 666, 666, 666, 666, 666, 666, 666, 666, 666, 666, 666, 666, 666, 666, 666, 666, 666, 666, 666, 666, 666, 666, 666, 666, 666, 666, 666, 666, 666, 666, 666, 666, 666, 666, 666, 666, 666, 666, 666, 666, 666, 666, 666, 666, 666, 666, 666, 666, 666, 666, 666, 666, 666, 666, 666, 666, 666, 666, 666, 666, 666, 666, 666, 666, 666, 666, 666, 666, 666, 666, 666, 666, 666, 666, 666, 666, 666, 
666, 666, 666, 666, 666, 666, 666, 666, 666, 666, 666, 666, 666, 666, 666, 666, 666, 666, 666, 666, 666, 666, 666, 666, 666, 666, 666, 666, 666, 666, 666, 666, 666, 666, 666, 666, 666, 666, 666, 666, 666, 666, 666, 666, 666, 666, 666, 666, 666, 666, 666, 666, 666, 666, 666, 666, 666, 666, 666, 666, 666, 666, 666, 666, 666, 666, 666, 666, 666, 666, 666, 666, 666, 666, 666, 666, 666, 666, 666, 666, 666, 666, 666, 666, 666, 666, 666, 666, 666, 666, 666, 666, 666, 666, 666, 666, 666, 666, 666, 666, 666, 
666, 666, 666, 666, 666, 666, 666, 666, 666, 666, 666, 666, 666, 666, 666, 666, 666, 666, 666, 666, 666, 666, 666, 666, 666, 666, 666, 666, 666, 666, 666, 666, 666, 666, 666, 666, 666, 666, 666, 666, 666, 666, 666, 666, 666, 666, 666, 666, 666, 666, 666, 666, 666, 666, 666, 666, 666, 666, 666, 666, 666, 666, 666, 666, 666, 666, 666, 666, 666, 666, 666, 666, 666, 666, 666, 666, 666, 666, 666, 666, 666, 666, 666, 666, 666, 666, 666, 666, 666, 666, 666, 666, 666, 666, 666, 666, 666, 666, 666, 666, 666, 
666, 666, 666, 666, 666, 666, 666, 666, 666, 666, 666, 666, 666, 666, 666, 666, 666, 666, 666, 666, 666, 666, 666, 666, 666, 666, 666, 666, 666, 666, 666, 666, 666, 666, 666, 666, 666, 666, 666, 666, 666, 666, 666, 666, 666, 666, 666, 666, 666, 666, 666, 666, 666, 666, 666, 666, 666, 666, 666, 666, 666, 666, 666, 666, 666, 666, 666, 666, 666, 666, 666, 666, 666, 666, 666, 666, 666, 666, 666, 666, 666, 666, 666, 666, 666, 666, 666, 666, 666, 666, 666, 666, 666, 666, 666, 666, 666, 666, 666, 666, 666, 
666, 666, 666, 666, 666, 666, 666, 666, 666, 666, 666, 666, 666, 666, 666, 666, 666, 666, 666, 666, 666, 666, 666, 666, 666, 666, 666, 666, 666, 666, 666, 666, 666, 666, 666, 666, 666, 666, 666, 666, 666, 666, 666, 666, 666, 666, 666, 666, 666, 666, 666, 666, 666, 666, 666, 666, 666, 666, 666, 666, 666, 666, 666, 666, 666, 666, 666, 666, 666, 666, 666, 666, 666, 666, 666, 666, 666, 666, 666, 666, 666, 666, 666, 666, 666, 666, 666, 666, 666, 666, 666, 666, 666, 666, 666, 666, 666, 666, 666, 666, 666, 
666, 666, 666, 666, 666, 666, 666, 666, 666, 666, 666, 666, 666, 666, 666, 666, 666, 666, 666, 666, 666, 666, 666, 666, 666, 666, 666, 666, 666, 666, 666, 666, 666, 666, 666, 666, 666, 666, 666, 666, 666, 666, 666, 666, 666, 666, 666, 666, 666, 666, 666, 666, 666, 666, 666, 666, 666, 666, 666, 666, 666, 666, 666, 666, 666, 666, 666, 666, 666, 666, 666, 666, 666, 666, 666, 666, 666, 666, 666, 666, 666, 666, 666, 666, 666, 666, 666, 666, 666, 666, 666, 666, 666, 666, 666, 666, 666, 666, 666, 666, 666, 
666, 666, 666, 666, 666, 666, 666, 666, 666, 666, 666, 666, 666, 666, 666, 666, 666, 666, 666, 666, 666, 666, 666, 666, 666, 666, 666, 666, 666, 666, 666, 666, 666, 666, 666, 666, 666, 666, 666, 666, 666, 666, 666, 666, 666, 666, 666, 666, 666, 666, 666, 666, 666, 666, 666, 666, 666, 666, 666, 666, 666, 666, 666, 666, 666, 666, 666, 666, 666, 666, 666, 666, 666, 666, 666, 666, 666, 666, 666, 666, 666, 666, 666, 666, 666, 666, 666, 666, 666, 666, 666, 666, 666, 666, 666, 666, 666, 666, 666, 666, 666, 
666, 666, 666, 666, 666, 666, 666, 666, 666, 666, 666, 666, 666, 666, 666, 666, 666, 666, 666, 666, 666, 666, 666, 666, 666, 666, 666, 666, 666, 666, 666, 666, 666, 666, 666, 666, 666, 666, 666, 666, 666, 666, 666, 666, 666, 666, 666, 666, 666, 666, 666, 666, 666, 666, 666, 666, 666, 666, 666, 666, 666, 666, 666, 666, 666, 666, 666, 666, 666, 666, 666, 666, 666, 666, 666, 666, 666, 666, 666, 666, 666, 666, 666, 666, 666, 666, 666, 666, 666, 666, 666, 666, 666, 666, 666, 666, 666, 666, 666, 666, 666, 
666, 666, 666, 666, 666, 666, 666, 666, 666, 666, 666, 666, 666, 666, 666, 666, 666, 666, 666, 666, 666, 666, 666, 666, 666, 666, 666, 666, 666, 666, 666, 666, 666, 666, 666, 666, 666, 666, 666, 666, 666, 666, 666, 666, 666, 666, 666, 666, 666, 666, 666, 666, 666, 666, 666, 666, 666, 666, 666, 666, 666, 666, 666, 666, 666, 666, 666, 666, 666, 666, 666, 666, 666, 666, 666, 666, 666, 666, 666, 666, 666, 666, 666, 666, 666, 666, 666, 666, 666, 666, 666, 666, 666, 666, 666, 666, 666, 666, 666, 666, 666, 
666, 666, 666, 666, 666, 666, 666, 666, 666, 666, 666, 666, 666, 666, 666, 666, 666, 666, 666, 666, 666, 666, 666, 666, 666, 666, 666, 666, 666, 666, 666, 666, 666, 666, 666, 666, 666, 666, 666, 666, 666, 666, 666, 666, 666, 666, 666, 666, 666, 666, 666, 666, 666, 666, 666, 666, 666, 666, 666, 666, 666, 666, 666, 666, 666, 666, 666, 666, 666, 666, 666, 666, 666, 666, 666, 666, 666, 666, 666, 666, 666, 666, 666, 666, 666, 666, 666, 666, 666, 666, 666, 666, 666, 666, 666, 666, 666, 666, 666, 666, 666, 
666, 666, 666, 666, 666, 666, 666, 666, 666, 666, 666, 666, 666, 666, 666, 666, 666, 666, 666, 666, 666, 666, 666, 666, 666, 666, 666, 666, 666, 666, 666, 666, 666, 666, 666, 666, 666, 666, 666, 666, 666, 666, 666, 666, 666, 666, 666, 666, 666, 666, 666, 666, 666, 666, 666, 666, 666, 666, 666, 666, 666, 666, 666, 666, 666, 666, 666, 666, 666, 666, 666, 666, 666, 666, 666, 666, 666, 666, 666, 666, 666, 666, 666, 666, 666, 666, 666, 666, 666, 666, 666, 666, 666, 666, 666, 666, 666, 666, 666, 666, 666, 
666, 666, 666, 666, 666, 666, 666, 666, 666, 666, 666, 666, 666, 666, 666, 666, 666, 666, 666, 666, 666, 666, 666, 666, 666, 666, 666, 666, 666, 666, 666, 666, 666, 666, 666, 666, 666, 666, 666, 666, 666, 666, 666, 666, 666, 666, 666, 666, 666, 666, 666, 666, 666, 666, 666, 666, 666, 666, 666, 666, 666, 666, 666, 666, 666, 666, 666, 666, 666, 666, 666, 666, 666, 666, 666, 666, 666, 666, 666, 666, 666, 666, 666, 666, 666, 666, 666, 666, 666, 666, 666, 666, 666, 666, 666, 666, 666, 666, 666, 666, 666, 
666, 666, 666, 666, 666, 666, 666, 666, 666, 666, 666, 666, 666, 666, 666, 666, 666, 666, 666, 666, 666, 666, 666, 666, 666, 666, 666, 666, 666, 666, 666, 666, 666, 666, 666, 666, 666, 666, 666, 666, 666, 666, 666, 666, 666, 666, 666, 666, 666, 666, 666, 666, 666, 666, 666, 666, 666, 666, 666, 666, 666, 666, 666, 666, 666, 666, 666, 666, 666, 666, 666, 666, 666, 666, 666, 666, 666, 666, 666, 666, 666, 666, 666, 666, 666, 666, 666, 666, 666, 666, 666, 666, 666, 666, 666, 666, 666, 666, 666, 666, 666, 
666, 666, 666, 666, 666, 666, 666, 666, 666, 666, 666, 666, 666, 666, 666, 666, 666, 666, 666, 666, 666, 666, 666, 666, 666, 666, 666, 666, 666, 666, 666, 666, 666, 666, 666, 666, 666, 666, 666, 666, 666, 666, 666, 666, 666, 666, 666, 666, 666, 666, 666, 666, 666, 666, 666, 666, 666, 666, 666, 666, 666, 666, 666, 666, 666, 666, 666, 666, 666, 666, 666, 666, 666, 666, 666, 666, 666, 666, 666, 666, 666, 666, 666, 666, 666, 666, 666, 666, 666, 666, 666, 666, 666, 666, 666, 666, 666, 666, 666, 666, 666, 
666, 666, 666, 666, 666, 666, 666, 666, 666, 666, 666, 666, 666, 666, 666, 666, 666, 666, 666, 666, 666, 666, 666, 666, 666, 666, 666, 666, 666, 666, 666, 666, 666, 666, 666, 666, 666, 666, 666, 666, 666, 666, 666, 666, 666, 666, 666, 666, 666, 666, 666, 666, 666, 666, 666, 666, 666, 666, 666, 666, 666, 666, 666, 666, 666, 666, 666, 666, 666, 666, 666, 666, 666, 666, 666, 666, 666, 666, 666, 666, 666, 666, 666, 666, 666, 666, 666, 666, 666, 666, 666, 666, 666, 666, 666, 666, 666, 666, 666, 666, 666, 
666, 666, 666, 666, 666, 666, 666, 666, 666, 666, 666, 666, 666, 666, 666, 666, 666, 666, 666, 666, 666, 666, 666, 666, 666, 666, 666, 666, 666, 666, 666, 666, 666, 666, 666, 666, 666, 666, 666, 666, 666, 666, 666, 666, 666, 666, 666, 666, 666, 666, 666, 666, 666, 666, 666, 666, 666, 666, 666, 666, 666, 666, 666, 666, 666, 666, 666, 666, 666, 666, 666, 666, 666, 666, 666, 666, 666, 666, 666, 666, 666, 666, 666, 666, 666, 666, 666, 666, 666, 666, 666, 666, 666, 666, 666, 666, 666, 666, 666, 666, 666, 
666, 666, 666, 666, 666, 666, 666, 666, 666, 666, 666, 666, 666, 666, 666, 666, 666, 666, 666, 666, 666, 666, 666, 666, 666, 666, 666, 666, 666, 666, 666, 666, 666, 666, 666, 666, 666, 666, 666, 666, 666, 666, 666, 666, 666, 666, 666, 666, 666, 666, 666, 666, 666, 666, 666, 666, 666, 666, 666, 666, 666, 666, 666, 666, 666, 666, 666, 666, 666, 666, 666, 666, 666, 666, 666, 666, 666, 666, 666, 666, 666, 666, 668, 668, 668, 668, 668, 668, 668, 668, 668, 668, 668, 668, 668, 668, 668, 668, 668, 668, 668, 
668, 668, 668, 668, 668, 668, 668, 668, 668, 668, 668, 668, 668, 668, 668, 668, 668, 668, 668, 668, 668, 668, 668, 668, 668, 668, 668, 668, 668, 668, 668, 668, 668, 668, 668, 668, 668, 668, 668, 668, 668),c(1, 2, 3, 4, 5, 6, 7, 8, 9, 10, 11, 12, 13, 14, 15, 16, 17, 18, 19, 20, 21, 22, 23, 24, 25, 26, 27, 28, 29, 30, 31, 32, 33, 34, 35, 36, 37, 38, 39, 40, 41, 42, 43, 44, 45, 46, 47, 48, 49, 50, 51, 52, 53, 54, 55, 56, 57, 58, 59, 60, 61, 62, 63, 64, 65, 66, 67, 68, 69, 70, 71, 72, 73, 74, 75, 76, 77, 78, 79, 80, 81, 82, 83, 84, 85, 86, 87, 88, 89, 90, 91, 92, 93, 94, 95, 96, 97, 98, 99, 100, 101, 102, 103, 104, 105, 106, 107, 108, 109, 110, 111, 112, 113, 114, 115, 116, 117, 118, 119, 120, 121, 122, 
123, 124, 125, 126, 127, 128, 129, 130, 131, 132, 133, 134, 135, 136, 137, 138, 139, 140, 141, 142, 143, 144, 145, 146, 147, 148, 149, 150, 151, 152, 153, 154, 155, 156, 157, 158, 159, 160, 161, 162, 163, 164, 165, 166, 167, 168, 169, 170, 171, 172, 173, 174, 175, 176, 177, 178, 179, 180, 181, 182, 183, 184, 185, 186, 187, 188, 189, 190, 191, 192, 193, 194, 195, 196, 197, 198, 199, 200, 201, 202, 203, 204, 205, 206, 207, 208, 209, 210, 211, 212, 213, 214, 215, 216, 217, 218, 219, 220, 221, 222, 223, 
224, 225, 226, 227, 228, 229, 230, 231, 232, 233, 234, 235, 236, 237, 238, 239, 240, 241, 242, 243, 244, 245, 246, 247, 248, 249, 250, 251, 252, 253, 254, 255, 256, 257, 258, 259, 260, 261, 262, 263, 264, 265, 266, 267, 268, 269, 270, 271, 272, 273, 274, 275, 276, 277, 278, 279, 280, 281, 282, 283, 284, 285, 286, 287, 288, 289, 290, 291, 292, 293, 294, 295, 296, 297, 298, 299, 300, 301, 302, 303, 304, 305, 306, 307, 308, 309, 310, 311, 312, 313, 314, 315, 316, 317, 318, 319, 320, 321, 322, 323, 324, 
325, 326, 327, 328, 329, 330, 331, 332, 333, 334, 335, 336, 337, 338, 339, 340, 341, 342, 343, 344, 345, 346, 347, 348, 349, 350, 351, 352, 353, 354, 355, 356, 357, 358, 359, 360, 361, 362, 363, 364, 365, 366, 367, 368, 369, 370, 371, 372, 373, 374, 375, 376, 377, 378, 379, 380, 381, 382, 383, 384, 385, 386, 387, 388, 389, 390, 391, 392, 393, 394, 395, 396, 397, 398, 399, 400, 401, 402, 403, 404, 405, 406, 407, 408, 409, 410, 411, 412, 413, 414, 415, 416, 417, 418, 419, 420, 421, 422, 423, 424, 425, 
426, 427, 428, 429, 430, 431, 432, 433, 434, 435, 436, 437, 438, 439, 440, 441, 442, 443, 444, 445, 446, 447, 448, 449, 450, 451, 452, 453, 454, 455, 456, 457, 458, 459, 460, 461, 462, 463, 464, 465, 466, 467, 468, 469, 470, 471, 472, 473, 474, 475, 476, 477, 478, 479, 480, 481, 482, 483, 484, 485, 486, 487, 488, 489, 490, 491, 492, 493, 494, 495, 496, 497, 498, 499, 500, 501, 502, 503, 504, 505, 506, 507, 508, 509, 510, 511, 512, 513, 514, 515, 516, 517, 518, 519, 520, 521, 522, 523, 524, 525, 526, 
527, 528, 529, 530, 531, 532, 533, 534, 535, 536, 537, 538, 539, 540, 541, 542, 543, 544, 545, 546, 547, 548, 549, 550, 551, 552, 553, 554, 555, 556, 557, 558, 559, 560, 561, 562, 563, 564, 565, 566, 567, 568, 569, 570, 571, 572, 573, 574, 575, 576, 577, 578, 579, 580, 581, 582, 583, 584, 585, 586, 587, 588, 589, 590, 591, 592, 593, 594, 595, 596, 597, 598, 599, 600, 601, 602, 603, 604, 605, 606, 607, 608, 609, 610, 611, 612, 613, 614, 615, 616, 617, 618, 619, 620, 621, 622, 623, 624, 625, 626, 627, 
628, 629, 630, 631, 632, 633, 634, 635, 636, 637, 638, 639, 640, 641, 642, 643, 644, 645, 646, 647, 648, 649, 650, 651, 652, 653, 654, 655, 656, 657, 658, 659, 660, 661, 662, 663, 664, 665, 666, 667, 668, 669, 670, 671, 672, 673, 674, 675, 676, 677, 678, 679, 680, 681, 682, 683, 684, 685, 686, 687, 688, 689, 690, 691, 692, 693, 694, 695, 696, 697, 698, 699, 700, 701, 702, 703, 704, 705, 706, 707, 708, 709, 710, 711, 712, 713, 714, 715, 716, 717, 718, 719, 720, 721, 722, 723, 724, 725, 726, 727, 728, 
729, 730, 731, 732, 733, 734, 735, 736, 737, 738, 739, 740, 741, 742, 743, 744, 745, 746, 747, 748, 749, 750, 751, 752, 753, 754, 755, 756, 757, 758, 759, 760, 761, 762, 763, 764, 765, 766, 767, 768, 769, 770, 771, 772, 773, 774, 775, 776, 777, 778, 779, 780, 781, 782, 783, 784, 785, 786, 787, 788, 789, 790, 791, 792, 793, 794, 795, 796, 797, 798, 799, 800, 801, 802, 803, 804, 805, 806, 807, 808, 809, 810, 811, 812, 813, 814, 815, 816, 817, 818, 819, 820, 821, 822, 823, 824, 825, 826, 827, 828, 829, 
830, 831, 832, 833, 834, 835, 836, 837, 838, 839, 840, 841, 842, 843, 844, 845, 846, 847, 848, 849, 850, 851, 852, 853, 854, 855, 856, 857, 858, 859, 860, 861, 862, 863, 864, 865, 866, 867, 868, 869, 870, 871, 872, 873, 874, 875, 876, 877, 878, 879, 880, 881, 882, 883, 884, 885, 886, 887, 888, 889, 890, 891, 892, 893, 894, 895, 896, 897, 898, 899, 900, 901, 902, 903, 904, 905, 906, 907, 908, 909, 910, 911, 912, 913, 914, 915, 916, 917, 918, 919, 920, 921, 922, 923, 924, 925, 926, 927, 928, 929, 930, 
931, 932, 933, 934, 935, 936, 937, 938, 939, 940, 941, 942, 943, 944, 945, 946, 947, 948, 949, 950, 951, 952, 953, 954, 955, 956, 957, 958, 959, 960, 961, 962, 963, 964, 965, 966, 967, 968, 969, 970, 971, 972, 973, 974, 975, 976, 977, 978, 979, 980, 981, 982, 983, 984, 985, 986, 987, 988, 989, 990, 991, 992, 993, 994, 995, 996, 997, 998, 999, 1000, 700, 3, 446, 619, 400, 196, 353, 877, 902, 644, 84, 839, 333, 975, 325, 239, 351, 71, 769, 25, 983, 614, 334, 263, 525, 429, 587, 925, 234, 115, 723, 
439, 519, 597, 176, 791, 305, 746, 988, 773, 929, 848, 779, 107, 658, 533, 272, 72, 66, 854, 884, 675, 618, 358, 707, 307, 193, 738, 528, 464, 423, 230, 479, 384, 93, 475, 584, 678, 316, 665, 267, 875, 359, 297, 984, 477, 462, 681, 905, 630, 541, 467, 69, 831, 310, 369, 269, 951, 837, 340, 108, 27, 258, 544, 478, 154, 819, 752, 454, 308, 88, 810, 416, 800, 437, 494, 237, 845, 871, 742, 995, 476, 835, 426, 643, 747, 249, 806, 92, 445, 146, 739, 583, 803, 992, 149, 656, 757, 159, 458, 820, 360, 13, 
459, 912, 486, 590, 974, 335, 909, 207, 214, 549, 679, 247, 376, 26, 921, 991, 940, 759, 337, 90, 378, 184, 797, 887, 385, 708, 367, 19, 306, 748, 246, 345, 60, 645, 963, 953, 668, 649, 453, 7, 229, 208, 14, 415, 947, 425, 604, 733, 559, 100, 895, 388, 482, 595, 789, 133, 102, 870, 620, 634, 160, 948, 654, 717, 236, 443, 641, 639, 216, 863, 999, 181, 881, 350, 317, 670, 368, 375, 211, 689, 361, 180, 129, 130, 915, 735, 173, 531, 245, 720, 852, 73, 266, 695, 753, 812, 508, 157, 945, 428, 814, 631, 
332, 116, 461, 161, 716, 228, 39, 175, 487, 163, 893, 722, 602, 489, 124, 827, 148, 413, 300, 518, 470, 218, 942, 8, 250, 192, 119, 879, 662, 740, 577, 764, 776, 185, 693, 677, 624, 616, 225, 67, 890, 515, 1000, 346, 387, 573, 12, 276, 780, 165, 950, 768, 21, 438, 762, 51, 506, 844, 520, 259, 79, 956, 560, 188, 968, 661, 355, 843, 432, 447, 28, 592, 846, 336, 70, 44, 61, 778, 205, 485, 370, 570, 174, 832, 727, 551, 123, 702, 50, 867, 121, 952, 539, 815, 967, 191, 920, 169, 328, 781, 357, 521, 615, 
914, 809, 548, 167, 939, 329, 555, 233, 501, 754, 838, 755, 830, 545, 264, 919, 222, 430, 566, 179, 565, 765, 516, 802, 961, 396, 637, 10, 946, 731, 23, 906, 113, 512, 435, 761, 362, 782, 850, 588, 424, 600, 293, 922, 58, 52, 262, 441, 823, 799, 977, 255, 484, 206, 285, 672, 880, 145, 537, 65, 706, 804, 9, 671, 625, 767, 980, 42, 585, 150, 771, 973, 507, 522, 628, 824, 398, 632, 493, 524, 152, 943, 496, 964, 924, 842, 53, 696, 82, 101, 410, 48, 275, 617, 153, 889, 401, 611, 273, 137, 911, 580, 95, 
990, 238, 774, 260, 997, 713, 364, 323, 591, 709, 118, 517, 635, 901, 594, 903, 379, 212, 605, 162, 813, 277, 172, 904, 11, 666, 68, 469, 468, 81, 189, 627, 431, 344, 240, 710, 109, 301, 680, 558, 402, 578, 20, 908, 374, 553, 347, 636, 465, 795, 896, 931, 242, 190, 770, 1, 380, 140, 834, 457, 648, 763, 243, 278, 349, 728, 495, 331, 685, 312, 923, 622, 315, 882, 567, 170, 859, 751, 143, 111, 917, 6, 251, 926, 414, 629, 223, 86, 955, 456, 552, 352, 135, 45, 224, 786, 412, 319, 841, 327, 235, 957, 219, 
309, 460, 389, 664, 215, 589, 18, 292, 576, 326, 910, 427, 451, 684, 532, 418, 452, 136, 63, 393, 117, 37, 78, 291, 817, 74, 99, 404, 907, 899, 166, 536, 579, 341, 563, 144, 607, 386, 29, 621, 534, 958, 463, 623, 497, 46, 790, 676, 392, 444, 732, 976, 858, 606, 564, 836, 970, 686, 366, 91, 962, 737, 646, 928, 31, 417, 856, 792, 440, 861, 807, 232, 502, 128, 772, 339, 603, 660, 406, 864, 466, 199, 132, 474, 599, 504, 960, 213, 540, 499, 729, 265, 868, 840, 766, 105, 989, 898, 609, 982, 62, 280, 885, 
348, 220, 419, 692, 409, 449, 571, 698, 500, 421, 715, 365, 935, 744, 550, 542, 372, 183, 141, 543, 399, 874, 41, 342, 690, 158, 734, 261, 134, 822, 927, 891, 294, 411, 697, 257, 34, 775, 985, 849, 498, 268, 480, 256, 674, 371, 49, 712, 35, 741, 405, 853, 112, 55, 178, 726, 714, 811, 322, 420, 488, 932, 356, 530, 777, 299, 47, 793, 667, 546, 647, 54, 147, 655, 959, 16, 721, 833, 659, 760, 523, 556, 711, 657, 892, 847, 972, 941, 201, 547, 354, 865, 168, 872, 586, 873, 483, 122, 103, 683, 857, 303, 
343, 289, 978, 363, 270, 829, 296, 642, 471, 287, 993, 876, 204, 304, 897, 436, 202, 231, 562, 626, 513, 126, 33, 878, 481, 274, 318, 43, 794, 151, 954, 254, 455, 403, 203, 131, 492, 96, 94, 601, 796, 395, 244, 252, 433, 527, 171, 271, 933, 142, 313, 682, 825, 77, 788, 4, 569, 381, 633, 981, 965, 38, 434, 930, 422, 324, 756, 526, 718, 582, 200, 15, 40, 509, 581, 949, 701, 758, 2, 450, 298, 114, 750, 104, 510, 869, 801, 338, 608, 736, 448, 221, 226, 826, 383, 568, 725, 575, 886, 209, 491, 694, 783, 
281, 650, 652, 596, 821, 937, 572, 651, 866, 195, 24, 155, 89, 784, 969, 554, 139, 986, 987, 320, 408, 283, 288, 32, 227, 302, 503, 934, 321, 538, 916, 390, 574, 30, 138, 862, 557, 855, 612, 638, 529, 127, 673, 719, 125, 106, 818, 703, 561, 691, 442, 391, 407, 284, 382, 745, 705, 311, 85, 22, 373, 279, 994, 613, 598, 938, 979, 883, 186, 785, 314, 80, 197, 98, 687, 36, 610, 653, 996, 816, 900, 918, 669, 860, 808, 120, 704, 75, 851, 253, 217, 156, 535, 473, 87, 593, 330, 194, 394, 490, 97, 998, 56, 
282, 699, 514, 290, 286, 5, 377, 894, 472, 944, 17, 749, 787, 295, 83, 64, 805, 210, 688, 511, 730, 59, 936, 397, 913, 57, 888, 743, 198, 248, 724, 182, 241, 187, 505, 798, 828, 177, 971, 76, 110, 640, 663, 966, 164, 485, 893, 173, 929, 132, 133, 892, 207, 517, 598, 932, 270, 678, 848, 925, 927, 718, 65, 476, 313, 293, 184, 593, 471, 806, 993, 661, 396, 937, 747, 588, 793, 790, 914, 949, 741, 864, 665, 577, 895, 646, 957, 382, 656, 79, 59, 795, 507, 846, 814, 910, 514, 662, 975, 785, 105, 350, 54, 
289, 469),c(1613433600, 1616716800, 1608595200, 1609459200, 1617580800, 1608508800, 1618704000, 1613865600, 1614556800, 1615075200, 1620259200, 1616198400, 1621555200, 1621468800, 1611619200, 1621641600, 1614988800, 1612483200, 1620432000, 1616803200, 1616544000, 1614556800, 1609459200, 1619395200, 1616803200, 1619395200, 1618704000, 1.62e+09, 1615161600, 1611619200, 1608940800, 1621814400, 1610928000, 1620691200, 1620518400, 1621641600, 1614988800, 1618272000, 1622592000, 1621382400, 1612828800, 1616716800, 
1608336000, 1618099200, 1609113600, 1618185600, 1610928000, 1614988800, 1618358400, 1609027200, 1614556800, 1618790400, 1621382400, 1616025600, 1617926400, 1610496000, 1619049600, 1619308800, 1616025600, 1614124800, 1614556800, 1611014400, 1618790400, 1622592000, 1611705600, 1617148800, 1616457600, 1615334400, 1609200000, 1618444800, 1619481600, 1610582400, 1619827200, 1614384000, 1609200000, 1619654400, 1614729600, 1611273600, 1622505600, 1617667200, 1612742400, 1614816000, 1620864000, 1618012800, 
1615593600, 1608768000, 1612742400, 1620172800, 1612224000, 1619740800, 1620345600, 1617148800, 1613260800, 1620691200, 1610668800, 1610928000, 1614988800, 1619913600, 1615852800, 1612310400, 1613606400, 1618185600, 1610582400, 1612224000, 1609718400, 1613606400, 1615161600, 1614038400, 1615334400, 1613001600, 1609459200, 1618876800, 1614729600, 1608422400, 1611187200, 1616371200, 1615766400, 1618272000, 1612569600, 1621036800, 1616544000, 1616716800, 1615507200, 1617148800, 1608940800, 1611619200, 
1609804800, 1612396800, 1617840000, 1618272000, 1622592000, 1615420800, 1621209600, 1616112000, 1618185600, 1610841600, 1613692800, 1611446400, 1616976000, 1620518400, 1611705600, 1621987200, 1609804800, 1622764800, 1620086400, 1615766400, 1622246400, 1620950400, 1613001600, 1617321600, 1610668800, 1610064000, 1621123200, 1609891200, 1.62e+09, 1618876800, 1619654400, 1611705600, 1616025600, 1614902400, 1618963200, 1613260800, 1611532800, 1618963200, 1619481600, 1615680000, 1610841600, 1612569600, 
1609113600, 1615939200, 1620604800, 1616025600, 1611705600, 1614729600, 1609027200, 1611619200, 1608854400, 1611273600, 1613433600, 1621900800, 1611705600, 1622764800, 1617235200, 1622678400, 1614643200, 1623024000, 1621123200, 1616803200, 1620518400, 1611964800, 1617235200, 1619308800, 1610236800, 1616112000, 1616112000, 1612224000, 1618790400, 1622592000, 1615680000, 1614470400, 1619481600, 1611619200, 1618444800, 1614124800, 1614816000, 1620518400, 1616630400, 1609718400, 1614124800, 1620259200, 
1618358400, 1610928000, 1622246400, 1609113600, 1612569600, 1616284800, 1609632000, 1616630400, 1614470400, 1615248000, 1613260800, 1612828800, 1621900800, 1614211200, 1616284800, 1615075200, 1613001600, 1620259200, 1612224000, 1616716800, 1615593600, 1614470400, 1621641600, 1617753600, 1620691200, 1613260800, 1609545600, 1614124800, 1611446400, 1617408000, 1612915200, 1614902400, 1618790400, 1619136000, 1618790400, 1611187200, 1621468800, 1622851200, 1620259200, 1614211200, 1621641600, 1623110400, 
1621814400, 1608940800, 1622160000, 1615939200, 1618617600, 1613865600, 1614384000, 1614297600, 1618012800, 1609113600, 1618358400, 1608249600, 1611792000, 1613865600, 1616198400, 1623024000, 1621296000, 1623024000, 1608336000, 1608681600, 1616284800, 1612569600, 1622160000, 1621641600, 1610496000, 1609286400, 1621555200, 1621900800, 1621468800, 1620864000, 1619049600, 1612915200, 1622419200, 1616457600, 1621987200, 1616976000, 1611014400, 1618963200, 1618617600, 1614038400, 1609286400, 1609632000, 
1610668800, 1620864000, 1617408000, 1616976000, 1616284800, 1619481600, 1620604800, 1620518400, 1608768000, 1611964800, 1621987200, 1620777600, 1620259200, 1608681600, 1609286400, 1621123200, 1622937600, 1614988800, 1619222400, 1616112000, 1611100800, 1615593600, 1612051200, 1619308800, 1621123200, 1617235200, 1621296000, 1622592000, 1621209600, 1619827200, 1620432000, 1619481600, 1609891200, 1609891200, 1610409600, 1623024000, 1618876800, 1615161600, 1611964800, 1621814400, 1611273600, 1611619200, 
1620864000, 1612742400, 1612742400, 1615593600, 1614211200, 1619568000, 1618185600, 1622246400, 1610668800, 1609545600, 1617753600, 1611705600, 1609200000, 1616976000, 1620259200, 1617408000, 1618358400, 1608336000, 1616371200, 1611964800, 1622505600, 1610928000, 1609372800, 1613865600, 1615852800, 1613001600, 1608508800, 1611705600, 1615593600, 1621209600, 1613433600, 1622160000, 1616976000, 1623024000, 1610409600, 1610755200, 1622592000, 1609977600, 1617062400, 1618444800, 1616630400, 1610496000, 
1620086400, 1612310400, 1614211200, 1616457600, 1608940800, 1618876800, 1609545600, 1622246400, 1617840000, 1613001600, 1621987200, 1609113600, 1609891200, 1611273600, 1620864000, 1611187200, 1611014400, 1610928000, 1618272000, 1614988800, 1615766400, 1611360000, 1610064000, 1623024000, 1616544000, 1618099200, 1620086400, 1614384000, 1620432000, 1616630400, 1612569600, 1622073600, 1619308800, 1623110400, 1614729600, 1611532800, 1610323200, 1614297600, 1609200000, 1621555200, 1614729600, 1622073600, 
1615766400, 1617580800, 1615161600, 1619136000, 1612742400, 1620691200, 1611100800, 1613088000, 1622332800, 1617321600, 1621382400, 1613606400, 1611360000, 1615939200, 1615075200, 1618790400, 1619568000, 1.62e+09, 1616457600, 1610236800, 1610496000, 1615939200, 1621123200, 1620172800, 1620777600, 1614470400, 1609027200, 1616371200, 1611273600, 1621900800, 1615852800, 1608940800, 1612310400, 1615161600, 1614902400, 1611964800, 1618272000, 1620172800, 1615680000, 1611360000, 1617667200, 1618099200, 
1612828800, 1611878400, 1614297600, 1616198400, 1612569600, 1611878400, 1617321600, 1616976000, 1621296000, 1611878400, 1610755200, 1614124800, 1617580800, 1609632000, 1616630400, 1608249600, 1616716800, 1612310400, 1618617600, 1616803200, 1612396800, 1620950400, 1612051200, 1618012800, 1609459200, 1622851200, 1621036800, 1617580800, 1615161600, 1612656000, 1618185600, 1613606400, 1612742400, 1609545600, 1610409600, 1615680000, 1618790400, 1611619200, 1616284800, 1611273600, 1618012800, 1614643200, 
1618963200, 1608422400, 1621468800, 1620604800, 1612915200, 1616803200, 1622419200, 1618790400, 1616112000, 1615852800, 1622332800, 1618099200, 1608768000, 1621728000, 1617840000, 1617148800, 1610150400, 1613520000, 1615766400, 1613606400, 1615075200, 1616803200, 1609977600, 1618272000, 1610236800, 1611273600, 1609286400, 1621036800, 1618444800, 1615507200, 1621123200, 1609977600, 1611100800, 1612656000, 1619913600, 1617062400, 1614470400, 1608508800, 1608595200, 1608508800, 1616976000, 1609804800, 
1609200000, 1608336000, 1613088000, 1615939200, 1622764800, 1620345600, 1612396800, 1620604800, 1612396800, 1616544000, 1621036800, 1610841600, 1611619200, 1608940800, 1612828800, 1608768000, 1617408000, 1613865600, 1613692800, 1621641600, 1621814400, 1616198400, 1621468800, 1621382400, 1617667200, 1613433600, 1619222400, 1610064000, 1614729600, 1610582400, 1613347200, 1620432000, 1621209600, 1614643200, 1611532800, 1619740800, 1612742400, 1613174400, 1621814400, 1623110400, 1610668800, 1614297600, 
1621728000, 1620950400, 1618963200, 1619049600, 1610323200, 1615075200, 1618704000, 1611964800, 1609200000, 1617667200, 1616371200, 1614729600, 1611878400, 1622937600, 1612828800, 1621555200, 1612742400, 1612915200, 1618531200, 1616716800, 1620086400, 1617235200, 1614902400, 1622246400, 1617580800, 1610236800, 1613606400, 1613779200, 1619222400, 1614211200, 1621641600, 1609200000, 1.62e+09, 1617321600, 1616889600, 1619740800, 1619568000, 1614124800, 1608249600, 1609977600, 1618531200, 1616976000, 
1617235200, 1618444800, 1612224000, 1611187200, 1612483200, 1622505600, 1610236800, 1613001600, 1614902400, 1608336000, 1617753600, 1610841600, 1612742400, 1613606400, 1611360000, 1617062400, 1614297600, 1613260800, 1611187200, 1622937600, 1608249600, 1613001600, 1612828800, 1609027200, 1616889600, 1622419200, 1611273600, 1609545600, 1619049600, 1614470400, 1613520000, 1608249600, 1620518400, 1613520000, 1612742400, 1623024000, 1614384000, 1613088000, 1621641600, 1609718400, 1613347200, 1614124800, 
1619827200, 1619049600, 1615939200, 1614470400, 1620777600, 1613347200, 1616803200, 1611446400, 1617062400, 1619049600, 1613001600, 1616112000, 1622592000, 1616198400, 1609286400, 1614816000, 1610755200, 1609632000, 1610668800, 1614643200, 1617667200, 1619222400, 1616889600, 1621555200, 1612137600, 1611100800, 1621296000, 1618444800, 1616976000, 1622678400, 1611619200, 1622160000, 1619654400, 1618790400, 1613347200, 1623110400, 1615593600, 1614816000, 1618272000, 1619568000, 1619568000, 1611446400, 
1617580800, 1614643200, 1611360000, 1621382400, 1610236800, 1616716800, 1619913600, 1619395200, 1614297600, 1623110400, 1614988800, 1617408000, 1618704000, 1608595200, 1614988800, 1608681600, 1622246400, 1617580800, 1612915200, 1620777600, 1613692800, 1612051200, 1611446400, 1612742400, 1620864000, 1617667200, 1614470400, 1620432000, 1615593600, 1620691200, 1619913600, 1616544000, 1621036800, 1619913600, 1620172800, 1618444800, 1613520000, 1622851200, 1609027200, 1610150400, 1617148800, 1608768000, 
1615334400, 1608422400, 1617580800, 1616716800, 1612396800, 1621296000, 1616716800, 1616716800, 1621900800, 1619913600, 1611619200, 1612483200, 1619740800, 1610582400, 1615334400, 1613001600, 1612569600, 1610496000, 1612396800, 1619481600, 1617408000, 1615593600, 1615593600, 1617321600, 1620345600, 1609027200, 1622073600, 1619395200, 1621987200, 1612051200, 1608854400, 1613347200, 1613260800, 1622764800, 1620172800, 1615939200, 1611878400, 1617580800, 1612224000, 1622764800, 1621987200, 1613779200, 
1608681600, 1609545600, 1616544000, 1608768000, 1616630400, 1621900800, 1622937600, 1620691200, 1622505600, 1623110400, 1614038400, 1612224000, 1616198400, 1609804800, 1609286400, 1612656000, 1617062400, 1621209600, 1609977600, 1612656000, 1611014400, 1614038400, 1621900800, 1620604800, 1615507200, 1617840000, 1614211200, 1619049600, 1622246400, 1615248000, 1612915200, 1610150400, 1612051200, 1614124800, 1612310400, 1616025600, 1619395200, 1614124800, 1611273600, 1617753600, 1610928000, 1611360000, 
1612742400, 1622160000, 1620259200, 1610841600, 1623110400, 1619827200, 1622592000, 1616112000, 1618704000, 1622246400, 1610496000, 1609718400, 1611273600, 1619395200, 1612828800, 1621036800, 1613520000, 1619222400, 1618790400, 1611187200, 1610064000, 1618012800, 1611705600, 1619395200, 1615507200, 1609891200, 1621036800, 1610409600, 1609804800, 1612742400, 1616889600, 1621555200, 1612396800, 1611532800, 1619913600, 1613606400, 1615852800, 1613088000, 1612742400, 1615075200, 1614556800, 1608336000, 
1617926400, 1615248000, 1621641600, 1608508800, 1616976000, 1612310400, 1611619200, 1615939200, 1610150400, 1612915200, 1615248000, 1614211200, 1614556800, 1609891200, 1612396800, 1622246400, 1613606400, 1621036800, 1622332800, 1621296000, 1616716800, 1618790400, 1620518400, 1620691200, 1613174400, 1609977600, 1610064000, 1616803200, 1616025600, 1621987200, 1623110400, 1616976000, 1616371200, 1618531200, 1611100800, 1616371200, 1617062400, 1616803200, 1609459200, 1612224000, 1618704000, 1622160000, 
1610755200, 1614470400, 1617408000, 1616544000, 1615852800, 1615766400, 1620432000, 1621382400, 1622592000, 1622332800, 1621728000, 1622419200, 1622851200, 1617235200, 1622332800, 1613001600, 1620950400, 1612483200, 1609027200, 1620086400, 1610409600, 1615766400, 1613865600, 1620259200, 1617753600, 1610064000, 1611187200, 1609891200, 1612569600, 1616716800, 1620518400, 1621814400, 1613001600, 1622246400, 1609891200, 1608508800, 1621987200, 1608508800, 1619827200, 1614643200, 1613606400, 1616803200, 
1621123200, 1615161600, 1608595200, 1609718400, 1618185600, 1621987200, 1614988800, 1610236800, 1616284800, 1611619200, 1615766400, 1617926400, 1621036800, 1609545600, 1611360000, 1610323200, 1617667200, 1620864000, 1613001600, 1615075200, 1616112000, 1610409600, 1621728000, 1620777600, 1619568000, 1616976000, 1614988800, 1622592000, 1610582400, 1613952000, 1612224000, 1620432000, 1616976000, 1608595200, 1620345600, 1610496000, 1616371200, 1623542400, 1613260800, 1614124800, 1620259200, 1617753600, 
1623196800, 1615507200, 1619913600, 1612828800, 1613865600, 1618185600, 1622332800, 1613347200, 1622160000, 1621382400, 1621641600, 1618704000, 1619568000, 1612137600, 1623715200, 1620259200, 1616976000, 1624233600, 1612569600, 1612656000, 1619654400, 1613088000, 1616198400, 1618358400, 1619740800, 1611100800, 1613520000, 1622073600, 1623888000, 1618444800, 1612310400, 1614470400, 1617753600, 1618012800, 1617494400, 1617062400, 1611446400, 1620345600, 1610582400, 1612483200, 1619049600, 1621296000, 
1617148800, 1617840000, 1616112000, 1612828800, 1615248000, 1622160000, 1612137600, 1614643200, 1620172800, 1613779200, 1617062400, 1618617600, 1618617600, 1620777600, 1615161600, 1619481600, 1615075200, 1615248000, 1617494400, 1614643200, 1618099200, 1621814400, 1611273600, 1619308800, 1622764800, 1618531200, 1.62e+09, 1618963200, 1622419200, 1618876800, 1616371200, 1614470400, 1611100800, 1613952000, 1623024000, 1618876800, 1623196800, 1613088000, 1613174400, 1617494400, 1615939200, 1620604800, 
1615766400, 1610409600, 1610150400, 1611792000, 1612915200, 1624752000, 1617062400, 1610582400, 1622073600, 1614124800, 1616198400, 1611446400, 1621468800, 1615507200, 1611446400, 1625011200, 1618790400, 1622332800, 1612483200, 1611532800, 1621296000, 1622592000, 1614643200, 1622937600, 1622160000, 1622592000, 1619049600, 1622678400, 1617667200, 1622764800, 1614643200, 1618531200, 1618876800, 1614902400, 1624320000, 1617235200, 1617926400, 1622073600, 1615939200, 1615766400, 1623456000, 1617580800, 
1623888000, 1619913600, 1622851200, 1612137600, 1613174400, 1611964800, 1618531200, 1611014400, 1614988800, 1618704000, 1623369600, 1620345600, 1621296000, 1611360000, 1621468800, 1614902400, 1619481600, 1622764800, 1621641600, 1612396800, 1624579200, 1623888000, 1618876800, 1611446400, 1625011200, 1615334400, 1622332800, 1622678400, 1621814400, 1613088000, 1612569600, 1616025600, 1613260800, 1621728000, 1614470400, 1614988800, 1613088000, 1614211200, 1620604800, 1614124800, 1611619200, 1623369600, 
1612224000, 1615766400, 1614643200, 1623456000, 1614816000, 1613520000, 1614211200, 1616457600, 1614902400, 1618704000, 1620604800, 1615161600, 1623110400, 1620086400, 1614643200, 1611100800, 1613088000, 1616803200, 1622160000, 1610928000, 1613260800, 1615161600, 1623024000, 1619654400, 1616803200, 1618185600, 1613606400, 1618876800, 1613606400, 1616457600, 1618876800, 1613952000, 1611619200, 1624060800, 1618963200, 1620259200, 1612656000, 1617753600, 1623801600, 1619740800, 1620172800, 1618272000, 
1615593600, 1613606400, 1611187200, 1620691200, 1618617600, 1611619200, 1621728000, 1615766400, 1618790400, 1610928000, 1611705600, 1622505600, 1621555200, 1612310400, 1614988800, 1614556800, 1619136000, 1617062400, 1618272000, 1619568000, 1620864000, 1616544000, 1622160000, 1624492800, 1610928000, 1611360000, 1613433600, 1617148800, 1621296000, 1624838400, 1622937600, 1619049600, 1624147200, 1622851200, 1616630400, 1621382400, 1623628800, 1618876800, 1618531200, 1614384000, 1615766400, 1616112000, 
1621209600, 1614470400, 1614643200, 1610150400, 1619568000, 1615248000, 1618617600, 1621382400, 1616544000, 1619568000, 1622678400, 1621641600, 1615680000, 1618185600, 1618358400, 1617840000, 1624233600, 1610496000, 1611446400, 1619740800, 1621123200, 1618099200, 1623542400, 1619222400, 1621382400, 1611964800, 1614384000, 1618444800, 1621900800, 1623196800, 1616457600, 1610323200, 1612742400, 1619049600, 1616284800, 1624406400, 1623715200, 1610841600, 1618704000, 1617062400, 1615420800, 1618272000, 
1622160000, 1615507200, 1610928000, 1621900800, 1620950400, 1621728000, 1613520000, 1620345600, 1.62e+09, 1616457600, 1617494400, 1616716800, 1613952000, 1624924800, 1623283200, 1616630400, 1616025600, 1620604800, 1624665600, 1617408000, 1624579200, 1610928000, 1622937600, 1618444800, 1611792000, 1621814400, 1618963200, 1623024000, 1619136000, 1618704000, 1611014400, 1611792000, 1622246400, 1624406400, 1612051200, 1615507200, 1618876800, 1615939200, 1610236800, 1612742400, 1624233600, 1612310400, 
1614297600, 1623542400, 1618185600, 1612051200, 1619654400, 1619049600, 1612051200, 1618876800, 1610150400, 1618963200, 1614729600, 1619222400, 1623542400, 1615334400, 1615593600, 1623801600, 1.62e+09, 1610668800, 1623888000, 1612828800, 1612137600, 1616976000, 1617667200, 1624147200, 1611360000, 1622592000, 1616630400, 1620691200, 1616976000, 1614297600, 1614902400, 1610928000, 1624147200, 1616198400, 1621036800, 1616630400, 1611187200, 1614124800, 1621209600, 1620691200, 1611014400, 1612396800, 
1617408000, 1610582400, 1617667200, 1624060800, 1622851200, 1622419200, 1624320000, 1616025600, 1616976000, 1621987200, 1613001600, 1613606400, 1620691200, 1623801600, 1616457600, 1615248000, 1621468800, 1613520000, 1611446400, 1618617600, 1623715200, 1619222400, 1617235200, 1616889600, 1623369600, 1615420800, 1611878400, 1619740800, 1616889600, 1620345600, 1620086400, 1615507200, 1611964800, 1610928000, 1611446400, 1616544000, 1624060800, 1624060800, 1623283200, 1623456000, 1616716800, 1615507200, 
1623974400, 1616889600, 1624060800, 1621123200, 1623024000, 1613520000, 1611964800, 1616803200, 1618185600, 1615593600, 1617926400, 1616544000, 1612569600, 1622678400, 1616025600, 1612396800, 1616198400, 1614124800, 1621468800, 1613606400, 1623110400, 1620864000, 1617494400, 1620172800, 1610668800, 1614384000, 1624233600, 1616976000, 1618617600, 1621987200, 1612828800, 1614643200, 1615161600, 1611187200, 1612396800, 1617926400, 1620691200, 1622160000, 1624924800, 1617235200, 1619222400, 1613779200, 
1614643200, 1622419200, 1610150400, 1623283200, 1624147200, 1619308800, 1616716800, 1617235200, 1622505600, 1613347200, 1612742400, 1624924800, 1622332800, 1618704000, 1611878400, 1611878400, 1614297600, 1619654400, 1624406400, 1616198400, 1614124800, 1611792000, 1622332800, 1616803200, 1613865600, 1612483200, 1615334400, 1614211200, 1622419200, 1617926400, 1620172800, 1615161600, 1618617600, 1620691200, 1611187200, 1611100800, 1610496000, 1614643200, 1620777600, 1624492800, 1616889600, 1620604800, 
1619222400, 1613001600, 1610236800, 1623715200, 1617840000, 1620691200, 1615420800, 1611705600, 1611360000, 1613001600, 1610409600, 1623542400, 1616371200, 1613433600, 1620432000, 1623801600, 1610668800, 1622419200, 1613865600, 1622246400, 1619308800, 1620086400, 1611014400, 1616112000, 1613952000, 1625011200, 1623024000, 1614643200, 1611792000, 1622592000, 1614902400, 1616371200, 1611187200, 1613260800, 1623888000, 1615420800, 1614470400, 1623628800, 1614384000, 1615939200, 1612483200, 1621382400, 
1618704000, 1613001600, 1617753600, 1618012800, 1622937600, 1623456000, 1610841600, 1612742400, 1620691200, 1622764800, 1617667200, 1616889600, 1613174400, 1620518400, 1611878400, 1616284800, 1617753600, 1.62e+09, 1615075200, 1615507200, 1617580800, 1611878400, 1623110400, 1616112000, 1619308800, 1624665600, 1620432000, 1624147200, 1617062400, 1621900800, 1617408000, 1624147200, 1614729600, 1618790400, 1612310400, 1620086400, 1624665600, 1616371200, 1613174400, 1622073600, 1619481600, 1613520000, 
1621123200, 1614816000, 1615766400, 1616025600, 1611619200, 1618099200, 1623110400, 1622246400, 1610409600, 1613347200, 1618963200, 1618444800, 1610841600, 1611100800, 1622937600, 1617840000, 1612137600, 1611964800, 1624406400, 1616371200, 1613174400, 1614297600, 1614902400, 1614643200, 1614729600, 1616371200, 1616284800, 1621296000, 1618099200, 1617580800, 1617321600, 1616025600, 1618272000, 1616544000, 1610409600, 1624147200, 1618963200, 1620691200, 1616889600, 1613692800, 1612310400, 1613260800, 
1621814400, 1611619200, 1623628800, 1624147200, 1621987200, 1612224000, 1612915200, 1623801600, 1623542400, 1613606400, 1617148800, 1616630400, 1616544000, 1614470400, 1613174400, 1619568000, 1613001600, 1613520000, 1617667200, 1619481600, 1617494400, 1623628800, 1622592000, 1617840000, 1610409600, 1612656000, 1619136000, 1613606400, 1610496000, 1617667200, 1613433600, 1614729600, 1621468800, 1611532800, 1613606400, 1622678400, 1619913600, 1618012800, 1622505600, 1619308800, 1612051200, 1611532800, 
1621209600, 1614038400, 1620518400, 1622592000, 1614297600, 1614902400, 1620604800, 1617580800, 1624924800, 1614211200, 1617840000, 1620950400, 1612310400, 1620259200, 1621468800, 1622419200, 1616371200, 1621987200, 1613174400, 1620777600, 1619827200, 1613174400, 1619308800, 1613347200, 1618099200, 1624492800, 1623974400, 1624752000, 1623283200, 1613865600, 1613174400, 1619308800, 1618185600, 1612828800, 1613779200, 1616284800, 1611705600, 1616198400, 1617926400, 1624147200, 1618790400, 1611792000, 
1623542400, 1621814400, 1614211200, 1620950400, 1618617600, 1617667200, 1618444800, 1620172800, 1613174400, 1614816000, 1624492800, 1623888000, 1622851200, 1621382400, 1611100800, 1610236800, 1617408000, 1614470400, 1623456000, 1625011200, 1614297600, 1614297600, 1618617600, 1612483200, 1614902400, 1615420800, 1610668800, 1620086400, 1612915200, 1619827200, 1610409600, 1624924800, 1614816000, 1622764800, 1612742400, 1623196800, 1623888000, 1616889600, 1615507200, 1616025600, 1613865600, 1614297600, 
1620691200, 1613520000, 1617494400, 1610668800, 1616025600, 1618012800, 1613520000, 1612828800, 1614988800, 1620518400, 1614470400, 1621209600, 1610236800, 1619481600, 1612569600, 1618617600, 1610841600, 1616803200, 1618444800, 1620345600, 1624492800, 1614556800, 1612828800, 1622592000, 1613779200, 1624665600, 1612915200, 1621036800, 1625011200, 1613260800, 1611878400, 1622505600, 1610236800, 1624492800, 1623888000, 1621123200, 1620950400, 1616112000, 1616630400, 1615248000, 1611360000, 1623369600, 
1616112000, 1614124800, 1613260800, 1615507200, 1620172800, 1617840000, 1617667200, 1619481600, 1621728000, 1610668800, 1618704000, 1623283200, 1621641600, 1616371200, 1613520000, 1623283200, 1614816000, 1613433600, 1619654400, 1618876800, 1610323200, 1618617600, 1623801600, 1618876800, 1610323200, 1620345600, 1614124800, 1618704000, 1611705600, 1618444800, 1614643200, 1618617600, 1613952000, 1618272000, 1615161600, 1616976000, 1620950400, 1610841600, 1618099200, 1616889600, 1616630400, 1610409600, 
1616025600, 1617062400, 1621123200, 1623974400, 1623369600, 1624838400, 1614902400, 1613865600, 1623801600, 1624752000, 1615334400, 1610150400, 1611792000, 1618012800, 1621296000, 1621900800, 1614124800, 1621296000, 1610496000, 1622505600, 1618876800, 1616976000, 1618012800, 1619136000, 1618531200, 1620950400, 1618876800, 1623715200, 1614902400, 1622419200, 1619913600, 1624233600, 1623196800, 1614556800, 1620432000, 1611014400, 1611964800, 1613520000, 1613347200, 1619913600, 1622937600, 1614729600, 
1624147200, 1614902400, 1612137600, 1611705600, 1621728000, 1612137600, 1610841600, 1615507200, 1614556800, 1613520000, 1614729600, 1612569600, 1617840000, 1611792000, 1622332800, 1614816000, 1618358400, 1621814400, 1621555200, 1624838400, 1617494400, 1616457600, 1624492800, 1623456000, 1624492800, 1619481600, 1619568000, 1619136000, 1622937600, 1619827200, 1624924800, 1623888000, 1618012800, 1619568000, 1620691200, 1621814400, 1611187200, 1623542400, 1619136000, 1614729600, 1615852800, 1623110400, 
1622937600, 1618272000, 1623542400, 1613088000, 1625011200, 1622937600, 1624060800, 1611100800, 1612396800, 1623715200, 1611532800, 1620777600, 1623024000, 1612656000, 1614643200, 1612224000, 1624924800, 1618012800, 1613088000, 1619481600, 1616889600, 1622332800, 1612396800, 1622764800, 1623196800, 1617753600, 1620864000, 1618358400, 1619481600, 1618531200, 1616112000, 1613779200, 1621987200, 1616889600, 1622073600, 1610755200, 1612569600, 1622764800, 1624492800, 1624838400, 1622160000, 1616716800, 
1624320000, 1610582400, 1617926400, 1624320000, 1620172800, 1625011200, 1620950400, 1614211200, 1617494400, 1624492800, 1624752000, 1625011200, 1624665600, 1614816000, 1623024000, 1620864000, 1615680000, 1617148800, 1610755200, 1620086400, 1621555200, 1614902400, 1610236800, 1622419200, 1618704000, 1620864000, 1612656000, 1616284800, 1614556800, 1617235200, 1618099200, 1623801600, 1616544000, 1617926400, 1611964800, 1619222400, 1624665600, 1626652800, 1615766400, 1619654400, 1613260800, 1619049600, 
1622851200, 1614729600, 1612915200, 1622851200, 1611878400, 1625184000, 1611446400, 1622160000, 1623369600, 1616457600, 1616803200, 1614470400, 1623110400, 1622246400, 1617235200, 1611964800, 1624406400, 1619568000, 1621123200, 1616025600, 1622160000, 1612915200, 1613779200, 1617062400, 1621209600, 1616976000, 1620604800, 1626393600, 1626998400, 1620432000, 1617235200, 1625961600, 1624924800, 1617062400, 1621296000, 1621036800, 1612828800, 1620432000, 1627516800, 1614556800, 1622505600, 1620604800, 
1616371200, 1622764800),c(1613520000, 1616803200, 1608681600, 1609545600, 1617667200, 1608595200, 1618790400, 1613952000, 1614643200, 1615161600, 1620345600, 1616284800, 1621641600, 1621555200, 1611705600, 1621728000, 1615075200, 1612569600, 1620518400, 1616889600, 1616630400, 1614643200, 1609545600, 1619481600, 1616889600, 1619481600, 1618790400, 1620086400, 1615248000, 1611705600, 1609027200, 1621900800, 1611014400, 1620777600, 1620604800, 1621728000, 1615075200, 1618358400, 1622678400, 1621468800, 1612915200, 1616803200, 
1608422400, 1618185600, 1609200000, 1618272000, 1611014400, 1615075200, 1618444800, 1609113600, 1614643200, 1618876800, 1621468800, 1616112000, 1618012800, 1610582400, 1619136000, 1619395200, 1616112000, 1614211200, 1614643200, 1611100800, 1618876800, 1622678400, 1611792000, 1617235200, 1616544000, 1615420800, 1609286400, 1618531200, 1619568000, 1610668800, 1619913600, 1614470400, 1609286400, 1619740800, 1614816000, 1611360000, 1622592000, 1617753600, 1612828800, 1614902400, 1620950400, 1618099200, 
1615680000, 1608854400, 1612828800, 1620259200, 1612310400, 1619827200, 1620432000, 1617235200, 1613347200, 1620777600, 1610755200, 1611014400, 1615075200, 1.62e+09, 1615939200, 1612396800, 1613692800, 1618272000, 1610668800, 1612310400, 1609804800, 1613692800, 1615248000, 1614124800, 1615420800, 1613088000, 1609545600, 1618963200, 1614816000, 1608508800, 1611273600, 1616457600, 1615852800, 1618358400, 1612656000, 1621123200, 1616630400, 1616803200, 1615593600, 1617235200, 1609027200, 1611705600, 
1609891200, 1612483200, 1617926400, 1618358400, 1622678400, 1615507200, 1621296000, 1616198400, 1618272000, 1610928000, 1613779200, 1611532800, 1617062400, 1620604800, 1611792000, 1622073600, 1609891200, 1622851200, 1620172800, 1615852800, 1622332800, 1621036800, 1613088000, 1617408000, 1610755200, 1610150400, 1621209600, 1609977600, 1620086400, 1618963200, 1619740800, 1611792000, 1616112000, 1614988800, 1619049600, 1613347200, 1611619200, 1619049600, 1619568000, 1615766400, 1610928000, 1612656000, 
1609200000, 1616025600, 1620691200, 1616112000, 1611792000, 1614816000, 1609113600, 1611705600, 1608940800, 1611360000, 1613520000, 1621987200, 1611792000, 1622851200, 1617321600, 1622764800, 1614729600, 1623110400, 1621209600, 1616889600, 1620604800, 1612051200, 1617321600, 1619395200, 1610323200, 1616198400, 1616198400, 1612310400, 1618876800, 1622678400, 1615766400, 1614556800, 1619568000, 1611705600, 1618531200, 1614211200, 1614902400, 1620604800, 1616716800, 1609804800, 1614211200, 1620345600, 
1618444800, 1611014400, 1622332800, 1609200000, 1612656000, 1616371200, 1609718400, 1616716800, 1614556800, 1615334400, 1613347200, 1612915200, 1621987200, 1614297600, 1616371200, 1615161600, 1613088000, 1620345600, 1612310400, 1616803200, 1615680000, 1614556800, 1621728000, 1617840000, 1620777600, 1613347200, 1609632000, 1614211200, 1611532800, 1617494400, 1613001600, 1614988800, 1618876800, 1619222400, 1618876800, 1611273600, 1621555200, 1622937600, 1620345600, 1614297600, 1621728000, 1623196800, 
1621900800, 1609027200, 1622246400, 1616025600, 1618704000, 1613952000, 1614470400, 1614384000, 1618099200, 1609200000, 1618444800, 1608336000, 1611878400, 1613952000, 1616284800, 1623110400, 1621382400, 1623110400, 1608422400, 1608768000, 1616371200, 1612656000, 1622246400, 1621728000, 1610582400, 1609372800, 1621641600, 1621987200, 1621555200, 1620950400, 1619136000, 1613001600, 1622505600, 1616544000, 1622073600, 1617062400, 1611100800, 1619049600, 1618704000, 1614124800, 1609372800, 1609718400, 
1610755200, 1620950400, 1617494400, 1617062400, 1616371200, 1619568000, 1620691200, 1620604800, 1608854400, 1612051200, 1622073600, 1620864000, 1620345600, 1608768000, 1609372800, 1621209600, 1623024000, 1615075200, 1619308800, 1616198400, 1611187200, 1615680000, 1612137600, 1619395200, 1621209600, 1617321600, 1621382400, 1622678400, 1621296000, 1619913600, 1620518400, 1619568000, 1609977600, 1609977600, 1610496000, 1623110400, 1618963200, 1615248000, 1612051200, 1621900800, 1611360000, 1611705600, 
1620950400, 1612828800, 1612828800, 1615680000, 1614297600, 1619654400, 1618272000, 1622332800, 1610755200, 1609632000, 1617840000, 1611792000, 1609286400, 1617062400, 1620345600, 1617494400, 1618444800, 1608422400, 1616457600, 1612051200, 1622592000, 1611014400, 1609459200, 1613952000, 1615939200, 1613088000, 1608595200, 1611792000, 1615680000, 1621296000, 1613520000, 1622246400, 1617062400, 1623110400, 1610496000, 1610841600, 1622678400, 1610064000, 1617148800, 1618531200, 1616716800, 1610582400, 
1620172800, 1612396800, 1614297600, 1616544000, 1609027200, 1618963200, 1609632000, 1622332800, 1617926400, 1613088000, 1622073600, 1609200000, 1609977600, 1611360000, 1620950400, 1611273600, 1611100800, 1611014400, 1618358400, 1615075200, 1615852800, 1611446400, 1610150400, 1623110400, 1616630400, 1618185600, 1620172800, 1614470400, 1620518400, 1616716800, 1612656000, 1622160000, 1619395200, 1623196800, 1614816000, 1611619200, 1610409600, 1614384000, 1609286400, 1621641600, 1614816000, 1622160000, 
1615852800, 1617667200, 1615248000, 1619222400, 1612828800, 1620777600, 1611187200, 1613174400, 1622419200, 1617408000, 1621468800, 1613692800, 1611446400, 1616025600, 1615161600, 1618876800, 1619654400, 1620086400, 1616544000, 1610323200, 1610582400, 1616025600, 1621209600, 1620259200, 1620864000, 1614556800, 1609113600, 1616457600, 1611360000, 1621987200, 1615939200, 1609027200, 1612396800, 1615248000, 1614988800, 1612051200, 1618358400, 1620259200, 1615766400, 1611446400, 1617753600, 1618185600, 
1612915200, 1611964800, 1614384000, 1616284800, 1612656000, 1611964800, 1617408000, 1617062400, 1621382400, 1611964800, 1610841600, 1614211200, 1617667200, 1609718400, 1616716800, 1608336000, 1616803200, 1612396800, 1618704000, 1616889600, 1612483200, 1621036800, 1612137600, 1618099200, 1609545600, 1622937600, 1621123200, 1617667200, 1615248000, 1612742400, 1618272000, 1613692800, 1612828800, 1609632000, 1610496000, 1615766400, 1618876800, 1611705600, 1616371200, 1611360000, 1618099200, 1614729600, 
1619049600, 1608508800, 1621555200, 1620691200, 1613001600, 1616889600, 1622505600, 1618876800, 1616198400, 1615939200, 1622419200, 1618185600, 1608854400, 1621814400, 1617926400, 1617235200, 1610236800, 1613606400, 1615852800, 1613692800, 1615161600, 1616889600, 1610064000, 1618358400, 1610323200, 1611360000, 1609372800, 1621123200, 1618531200, 1615593600, 1621209600, 1610064000, 1611187200, 1612742400, 1.62e+09, 1617148800, 1614556800, 1608595200, 1608681600, 1608595200, 1617062400, 1609891200, 
1609286400, 1608422400, 1613174400, 1616025600, 1622851200, 1620432000, 1612483200, 1620691200, 1612483200, 1616630400, 1621123200, 1610928000, 1611705600, 1609027200, 1612915200, 1608854400, 1617494400, 1613952000, 1613779200, 1621728000, 1621900800, 1616284800, 1621555200, 1621468800, 1617753600, 1613520000, 1619308800, 1610150400, 1614816000, 1610668800, 1613433600, 1620518400, 1621296000, 1614729600, 1611619200, 1619827200, 1612828800, 1613260800, 1621900800, 1623196800, 1610755200, 1614384000, 
1621814400, 1621036800, 1619049600, 1619136000, 1610409600, 1615161600, 1618790400, 1612051200, 1609286400, 1617753600, 1616457600, 1614816000, 1611964800, 1623024000, 1612915200, 1621641600, 1612828800, 1613001600, 1618617600, 1616803200, 1620172800, 1617321600, 1614988800, 1622332800, 1617667200, 1610323200, 1613692800, 1613865600, 1619308800, 1614297600, 1621728000, 1609286400, 1620086400, 1617408000, 1616976000, 1619827200, 1619654400, 1614211200, 1608336000, 1610064000, 1618617600, 1617062400, 
1617321600, 1618531200, 1612310400, 1611273600, 1612569600, 1622592000, 1610323200, 1613088000, 1614988800, 1608422400, 1617840000, 1610928000, 1612828800, 1613692800, 1611446400, 1617148800, 1614384000, 1613347200, 1611273600, 1623024000, 1608336000, 1613088000, 1612915200, 1609113600, 1616976000, 1622505600, 1611360000, 1609632000, 1619136000, 1614556800, 1613606400, 1608336000, 1620604800, 1613606400, 1612828800, 1623110400, 1614470400, 1613174400, 1621728000, 1609804800, 1613433600, 1614211200, 
1619913600, 1619136000, 1616025600, 1614556800, 1620864000, 1613433600, 1616889600, 1611532800, 1617148800, 1619136000, 1613088000, 1616198400, 1622678400, 1616284800, 1609372800, 1614902400, 1610841600, 1609718400, 1610755200, 1614729600, 1617753600, 1619308800, 1616976000, 1621641600, 1612224000, 1611187200, 1621382400, 1618531200, 1617062400, 1622764800, 1611705600, 1622246400, 1619740800, 1618876800, 1613433600, 1623196800, 1615680000, 1614902400, 1618358400, 1619654400, 1619654400, 1611532800, 
1617667200, 1614729600, 1611446400, 1621468800, 1610323200, 1616803200, 1.62e+09, 1619481600, 1614384000, 1623196800, 1615075200, 1617494400, 1618790400, 1608681600, 1615075200, 1608768000, 1622332800, 1617667200, 1613001600, 1620864000, 1613779200, 1612137600, 1611532800, 1612828800, 1620950400, 1617753600, 1614556800, 1620518400, 1615680000, 1620777600, 1.62e+09, 1616630400, 1621123200, 1.62e+09, 1620259200, 1618531200, 1613606400, 1622937600, 1609113600, 1610236800, 1617235200, 1608854400, 1615420800, 
1608508800, 1617667200, 1616803200, 1612483200, 1621382400, 1616803200, 1616803200, 1621987200, 1.62e+09, 1611705600, 1612569600, 1619827200, 1610668800, 1615420800, 1613088000, 1612656000, 1610582400, 1612483200, 1619568000, 1617494400, 1615680000, 1615680000, 1617408000, 1620432000, 1609113600, 1622160000, 1619481600, 1622073600, 1612137600, 1608940800, 1613433600, 1613347200, 1622851200, 1620259200, 1616025600, 1611964800, 1617667200, 1612310400, 1622851200, 1622073600, 1613865600, 1608768000, 
1609632000, 1616630400, 1608854400, 1616716800, 1621987200, 1623024000, 1620777600, 1622592000, 1623196800, 1614124800, 1612310400, 1616284800, 1609891200, 1609372800, 1612742400, 1617148800, 1621296000, 1610064000, 1612742400, 1611100800, 1614124800, 1621987200, 1620691200, 1615593600, 1617926400, 1614297600, 1619136000, 1622332800, 1615334400, 1613001600, 1610236800, 1612137600, 1614211200, 1612396800, 1616112000, 1619481600, 1614211200, 1611360000, 1617840000, 1611014400, 1611446400, 1612828800, 
1622246400, 1620345600, 1610928000, 1623196800, 1619913600, 1622678400, 1616198400, 1618790400, 1622332800, 1610582400, 1609804800, 1611360000, 1619481600, 1612915200, 1621123200, 1613606400, 1619308800, 1618876800, 1611273600, 1610150400, 1618099200, 1611792000, 1619481600, 1615593600, 1609977600, 1621123200, 1610496000, 1609891200, 1612828800, 1616976000, 1621641600, 1612483200, 1611619200, 1.62e+09, 1613692800, 1615939200, 1613174400, 1612828800, 1615161600, 1614643200, 1608422400, 1618012800, 
1615334400, 1621728000, 1608595200, 1617062400, 1612396800, 1611705600, 1616025600, 1610236800, 1613001600, 1615334400, 1614297600, 1614643200, 1609977600, 1612483200, 1622332800, 1613692800, 1621123200, 1622419200, 1621382400, 1616803200, 1618876800, 1620604800, 1620777600, 1613260800, 1610064000, 1610150400, 1616889600, 1616112000, 1622073600, 1623196800, 1617062400, 1616457600, 1618617600, 1611187200, 1616457600, 1617148800, 1616889600, 1609545600, 1612310400, 1618790400, 1622246400, 1610841600, 
1614556800, 1617494400, 1616630400, 1615939200, 1615852800, 1620518400, 1621468800, 1622678400, 1622419200, 1621814400, 1622505600, 1622937600, 1617321600, 1622419200, 1613088000, 1621036800, 1612569600, 1609113600, 1620172800, 1610496000, 1615852800, 1613952000, 1620345600, 1617840000, 1610150400, 1611273600, 1609977600, 1612656000, 1616803200, 1620604800, 1621900800, 1613088000, 1622332800, 1609977600, 1608595200, 1622073600, 1608595200, 1619913600, 1614729600, 1613692800, 1616889600, 1621209600, 
1615248000, 1608681600, 1609804800, 1618272000, 1622073600, 1615075200, 1610323200, 1616371200, 1611705600, 1615852800, 1618012800, 1621123200, 1609632000, 1611446400, 1610409600, 1617753600, 1620950400, 1613088000, 1615161600, 1616198400, 1610496000, 1621814400, 1620864000, 1619654400, 1617062400, 1615075200, 1622678400, 1610668800, 1614038400, 1612310400, 1620518400, 1617062400, 1608681600, 1620432000, 1610582400, 1616457600, 1623628800, 1613347200, 1614211200, 1620345600, 1617840000, 1623283200, 
1615593600, 1.62e+09, 1612915200, 1613952000, 1618272000, 1622419200, 1613433600, 1622246400, 1621468800, 1621728000, 1618790400, 1619654400, 1612224000, 1623801600, 1620345600, 1617062400, 1624320000, 1612656000, 1612742400, 1619740800, 1613174400, 1616284800, 1618444800, 1619827200, 1611187200, 1613606400, 1622160000, 1623974400, 1618531200, 1612396800, 1614556800, 1617840000, 1618099200, 1617580800, 1617148800, 1611532800, 1620432000, 1610668800, 1612569600, 1619136000, 1621382400, 1617235200, 
1617926400, 1616198400, 1612915200, 1615334400, 1622246400, 1612224000, 1614729600, 1620259200, 1613865600, 1617148800, 1618704000, 1618704000, 1620864000, 1615248000, 1619568000, 1615161600, 1615334400, 1617580800, 1614729600, 1618185600, 1621900800, 1611360000, 1619395200, 1622851200, 1618617600, 1620086400, 1619049600, 1622505600, 1618963200, 1616457600, 1614556800, 1611187200, 1614038400, 1623110400, 1618963200, 1623283200, 1613174400, 1613260800, 1617580800, 1616025600, 1620691200, 1615852800, 
1610496000, 1610236800, 1611878400, 1613001600, 1624838400, 1617148800, 1610668800, 1622160000, 1614211200, 1616284800, 1611532800, 1621555200, 1615593600, 1611532800, 1625097600, 1618876800, 1622419200, 1612569600, 1611619200, 1621382400, 1622678400, 1614729600, 1623024000, 1622246400, 1622678400, 1619136000, 1622764800, 1617753600, 1622851200, 1614729600, 1618617600, 1618963200, 1614988800, 1624406400, 1617321600, 1618012800, 1622160000, 1616025600, 1615852800, 1623542400, 1617667200, 1623974400, 
1.62e+09, 1622937600, 1612224000, 1613260800, 1612051200, 1618617600, 1611100800, 1615075200, 1618790400, 1623456000, 1620432000, 1621382400, 1611446400, 1621555200, 1614988800, 1619568000, 1622851200, 1621728000, 1612483200, 1624665600, 1623974400, 1618963200, 1611532800, 1625097600, 1615420800, 1622419200, 1622764800, 1621900800, 1613174400, 1612656000, 1616112000, 1613347200, 1621814400, 1614556800, 1615075200, 1613174400, 1614297600, 1620691200, 1614211200, 1611705600, 1623456000, 1612310400, 
1615852800, 1614729600, 1623542400, 1614902400, 1613606400, 1614297600, 1616544000, 1614988800, 1618790400, 1620691200, 1615248000, 1623196800, 1620172800, 1614729600, 1611187200, 1613174400, 1616889600, 1622246400, 1611014400, 1613347200, 1615248000, 1623110400, 1619740800, 1616889600, 1618272000, 1613692800, 1618963200, 1613692800, 1616544000, 1618963200, 1614038400, 1611705600, 1624147200, 1619049600, 1620345600, 1612742400, 1617840000, 1623888000, 1619827200, 1620259200, 1618358400, 1615680000, 
1613692800, 1611273600, 1620777600, 1618704000, 1611705600, 1621814400, 1615852800, 1618876800, 1611014400, 1611792000, 1622592000, 1621641600, 1612396800, 1615075200, 1614643200, 1619222400, 1617148800, 1618358400, 1619654400, 1620950400, 1616630400, 1622246400, 1624579200, 1611014400, 1611446400, 1613520000, 1617235200, 1621382400, 1624924800, 1623024000, 1619136000, 1624233600, 1622937600, 1616716800, 1621468800, 1623715200, 1618963200, 1618617600, 1614470400, 1615852800, 1616198400, 1621296000, 
1614556800, 1614729600, 1610236800, 1619654400, 1615334400, 1618704000, 1621468800, 1616630400, 1619654400, 1622764800, 1621728000, 1615766400, 1618272000, 1618444800, 1617926400, 1624320000, 1610582400, 1611532800, 1619827200, 1621209600, 1618185600, 1623628800, 1619308800, 1621468800, 1612051200, 1614470400, 1618531200, 1621987200, 1623283200, 1616544000, 1610409600, 1612828800, 1619136000, 1616371200, 1624492800, 1623801600, 1610928000, 1618790400, 1617148800, 1615507200, 1618358400, 1622246400, 
1615593600, 1611014400, 1621987200, 1621036800, 1621814400, 1613606400, 1620432000, 1620086400, 1616544000, 1617580800, 1616803200, 1614038400, 1625011200, 1623369600, 1616716800, 1616112000, 1620691200, 1624752000, 1617494400, 1624665600, 1611014400, 1623024000, 1618531200, 1611878400, 1621900800, 1619049600, 1623110400, 1619222400, 1618790400, 1611100800, 1611878400, 1622332800, 1624492800, 1612137600, 1615593600, 1618963200, 1616025600, 1610323200, 1612828800, 1624320000, 1612396800, 1614384000, 
1623628800, 1618272000, 1612137600, 1619740800, 1619136000, 1612137600, 1618963200, 1610236800, 1619049600, 1614816000, 1619308800, 1623628800, 1615420800, 1615680000, 1623888000, 1620086400, 1610755200, 1623974400, 1612915200, 1612224000, 1617062400, 1617753600, 1624233600, 1611446400, 1622678400, 1616716800, 1620777600, 1617062400, 1614384000, 1614988800, 1611014400, 1624233600, 1616284800, 1621123200, 1616716800, 1611273600, 1614211200, 1621296000, 1620777600, 1611100800, 1612483200, 1617494400, 
1610668800, 1617753600, 1624147200, 1622937600, 1622505600, 1624406400, 1616112000, 1617062400, 1622073600, 1613088000, 1613692800, 1620777600, 1623888000, 1616544000, 1615334400, 1621555200, 1613606400, 1611532800, 1618704000, 1623801600, 1619308800, 1617321600, 1616976000, 1623456000, 1615507200, 1611964800, 1619827200, 1616976000, 1620432000, 1620172800, 1615593600, 1612051200, 1611014400, 1611532800, 1616630400, 1624147200, 1624147200, 1623369600, 1623542400, 1616803200, 1615593600, 1624060800, 
1616976000, 1624147200, 1621209600, 1623110400, 1613606400, 1612051200, 1616889600, 1618272000, 1615680000, 1618012800, 1616630400, 1612656000, 1622764800, 1616112000, 1612483200, 1616284800, 1614211200, 1621555200, 1613692800, 1623196800, 1620950400, 1617580800, 1620259200, 1610755200, 1614470400, 1624320000, 1617062400, 1618704000, 1622073600, 1612915200, 1614729600, 1615248000, 1611273600, 1612483200, 1618012800, 1620777600, 1622246400, 1625011200, 1617321600, 1619308800, 1613865600, 1614729600, 
1622505600, 1610236800, 1623369600, 1624233600, 1619395200, 1616803200, 1617321600, 1622592000, 1613433600, 1612828800, 1625011200, 1622419200, 1618790400, 1611964800, 1611964800, 1614384000, 1619740800, 1624492800, 1616284800, 1614211200, 1611878400, 1622419200, 1616889600, 1613952000, 1612569600, 1615420800, 1614297600, 1622505600, 1618012800, 1620259200, 1615248000, 1618704000, 1620777600, 1611273600, 1611187200, 1610582400, 1614729600, 1620864000, 1624579200, 1616976000, 1620691200, 1619308800, 
1613088000, 1610323200, 1623801600, 1617926400, 1620777600, 1615507200, 1611792000, 1611446400, 1613088000, 1610496000, 1623628800, 1616457600, 1613520000, 1620518400, 1623888000, 1610755200, 1622505600, 1613952000, 1622332800, 1619395200, 1620172800, 1611100800, 1616198400, 1614038400, 1625097600, 1623110400, 1614729600, 1611878400, 1622678400, 1614988800, 1616457600, 1611273600, 1613347200, 1623974400, 1615507200, 1614556800, 1623715200, 1614470400, 1616025600, 1612569600, 1621468800, 1618790400, 
1613088000, 1617840000, 1618099200, 1623024000, 1623542400, 1610928000, 1612828800, 1620777600, 1622851200, 1617753600, 1616976000, 1613260800, 1620604800, 1611964800, 1616371200, 1617840000, 1620086400, 1615161600, 1615593600, 1617667200, 1611964800, 1623196800, 1616198400, 1619395200, 1624752000, 1620518400, 1624233600, 1617148800, 1621987200, 1617494400, 1624233600, 1614816000, 1618876800, 1612396800, 1620172800, 1624752000, 1616457600, 1613260800, 1622160000, 1619568000, 1613606400, 1621209600, 
1614902400, 1615852800, 1616112000, 1611705600, 1618185600, 1623196800, 1622332800, 1610496000, 1613433600, 1619049600, 1618531200, 1610928000, 1611187200, 1623024000, 1617926400, 1612224000, 1612051200, 1624492800, 1616457600, 1613260800, 1614384000, 1614988800, 1614729600, 1614816000, 1616457600, 1616371200, 1621382400, 1618185600, 1617667200, 1617408000, 1616112000, 1618358400, 1616630400, 1610496000, 1624233600, 1619049600, 1620777600, 1616976000, 1613779200, 1612396800, 1613347200, 1621900800, 
1611705600, 1623715200, 1624233600, 1622073600, 1612310400, 1613001600, 1623888000, 1623628800, 1613692800, 1617235200, 1616716800, 1616630400, 1614556800, 1613260800, 1619654400, 1613088000, 1613606400, 1617753600, 1619568000, 1617580800, 1623715200, 1622678400, 1617926400, 1610496000, 1612742400, 1619222400, 1613692800, 1610582400, 1617753600, 1613520000, 1614816000, 1621555200, 1611619200, 1613692800, 1622764800, 1.62e+09, 1618099200, 1622592000, 1619395200, 1612137600, 1611619200, 1621296000, 
1614124800, 1620604800, 1622678400, 1614384000, 1614988800, 1620691200, 1617667200, 1625011200, 1614297600, 1617926400, 1621036800, 1612396800, 1620345600, 1621555200, 1622505600, 1616457600, 1622073600, 1613260800, 1620864000, 1619913600, 1613260800, 1619395200, 1613433600, 1618185600, 1624579200, 1624060800, 1624838400, 1623369600, 1613952000, 1613260800, 1619395200, 1618272000, 1612915200, 1613865600, 1616371200, 1611792000, 1616284800, 1618012800, 1624233600, 1618876800, 1611878400, 1623628800, 
1621900800, 1614297600, 1621036800, 1618704000, 1617753600, 1618531200, 1620259200, 1613260800, 1614902400, 1624579200, 1623974400, 1622937600, 1621468800, 1611187200, 1610323200, 1617494400, 1614556800, 1623542400, 1625097600, 1614384000, 1614384000, 1618704000, 1612569600, 1614988800, 1615507200, 1610755200, 1620172800, 1613001600, 1619913600, 1610496000, 1625011200, 1614902400, 1622851200, 1612828800, 1623283200, 1623974400, 1616976000, 1615593600, 1616112000, 1613952000, 1614384000, 1620777600, 
1613606400, 1617580800, 1610755200, 1616112000, 1618099200, 1613606400, 1612915200, 1615075200, 1620604800, 1614556800, 1621296000, 1610323200, 1619568000, 1612656000, 1618704000, 1610928000, 1616889600, 1618531200, 1620432000, 1624579200, 1614643200, 1612915200, 1622678400, 1613865600, 1624752000, 1613001600, 1621123200, 1625097600, 1613347200, 1611964800, 1622592000, 1610323200, 1624579200, 1623974400, 1621209600, 1621036800, 1616198400, 1616716800, 1615334400, 1611446400, 1623456000, 1616198400, 
1614211200, 1613347200, 1615593600, 1620259200, 1617926400, 1617753600, 1619568000, 1621814400, 1610755200, 1618790400, 1623369600, 1621728000, 1616457600, 1613606400, 1623369600, 1614902400, 1613520000, 1619740800, 1618963200, 1610409600, 1618704000, 1623888000, 1618963200, 1610409600, 1620432000, 1614211200, 1618790400, 1611792000, 1618531200, 1614729600, 1618704000, 1614038400, 1618358400, 1615248000, 1617062400, 1621036800, 1610928000, 1618185600, 1616976000, 1616716800, 1610496000, 1616112000, 
1617148800, 1621209600, 1624060800, 1623456000, 1624924800, 1614988800, 1613952000, 1623888000, 1624838400, 1615420800, 1610236800, 1611878400, 1618099200, 1621382400, 1621987200, 1614211200, 1621382400, 1610582400, 1622592000, 1618963200, 1617062400, 1618099200, 1619222400, 1618617600, 1621036800, 1618963200, 1623801600, 1614988800, 1622505600, 1.62e+09, 1624320000, 1623283200, 1614643200, 1620518400, 1611100800, 1612051200, 1613606400, 1613433600, 1.62e+09, 1623024000, 1614816000, 1624233600, 1614988800, 
1612224000, 1611792000, 1621814400, 1612224000, 1610928000, 1615593600, 1614643200, 1613606400, 1614816000, 1612656000, 1617926400, 1611878400, 1622419200, 1614902400, 1618444800, 1621900800, 1621641600, 1624924800, 1617580800, 1616544000, 1624579200, 1623542400, 1624579200, 1619568000, 1619654400, 1619222400, 1623024000, 1619913600, 1625011200, 1623974400, 1618099200, 1619654400, 1620777600, 1621900800, 1611273600, 1623628800, 1619222400, 1614816000, 1615939200, 1623196800, 1623024000, 1618358400, 
1623628800, 1613174400, 1625097600, 1623024000, 1624147200, 1611187200, 1612483200, 1623801600, 1611619200, 1620864000, 1623110400, 1612742400, 1614729600, 1612310400, 1625011200, 1618099200, 1613174400, 1619568000, 1616976000, 1622419200, 1612483200, 1622851200, 1623283200, 1617840000, 1620950400, 1618444800, 1619568000, 1618617600, 1616198400, 1613865600, 1622073600, 1616976000, 1622160000, 1610841600, 1612656000, 1622851200, 1624579200, 1624924800, 1622246400, 1616803200, 1624406400, 1610668800, 
1618012800, 1624406400, 1620259200, 1625097600, 1621036800, 1614297600, 1617580800, 1624579200, 1624838400, 1625097600, 1624752000, 1614902400, 1623110400, 1620950400, 1615766400, 1617235200, 1610841600, 1620172800, 1621641600, 1614988800, 1610323200, 1622505600, 1618790400, 1620950400, 1612742400, 1616371200, 1614643200, 1617321600, 1618185600, 1623888000, 1616630400, 1618012800, 1612051200, 1619308800, 1624752000, 1626739200, 1615852800, 1619740800, 1613347200, 1619136000, 1622937600, 1614816000, 
1613001600, 1622937600, 1611964800, 1625270400, 1611532800, 1622246400, 1623456000, 1616544000, 1616889600, 1614556800, 1623196800, 1622332800, 1617321600, 1612051200, 1624492800, 1619654400, 1621209600, 1616112000, 1622246400, 1613001600, 1613865600, 1617148800, 1621296000, 1617062400, 1620691200, 1626480000, 1627084800, 1620518400, 1617321600, 1626048000, 1625011200, 1617148800, 1621382400, 1621123200, 1612915200, 1620518400, 1627603200, 1614643200, 1622592000, 1620691200, 1616457600, 1622851200
) c1
    inner join main.observation_period op1
    on c1.subject_id = op1.person_id
    and c1.cohort_start_date >= op1.observation_period_start_date
    and c1.cohort_start_date <= op1.observation_period_end_date
    where c1.cohort_definition_id in (666)


R version:
R version 4.3.2 (2023-10-31)

Platform:
aarch64-apple-darwin20

Attached base packages:
- stats
- graphics
- grDevices
- utils
- datasets
- methods
- base

Other attached packages:
- RSQLite (2.3.5)
- ConcurrentComparator (0.1.0)
- survival (3.5-7)
- Cyclops (3.4.0)
- Andromeda (0.6.5)
- DatabaseConnector (6.3.2)
- lubridate (1.9.3)
- forcats (1.0.0)
- stringr (1.5.1)
- dplyr (1.1.4)
- purrr (1.0.2)
- readr (2.1.5)
- tidyr (1.3.1)
- tibble (3.2.1)
- tidyverse (2.0.0)
- ggtext (0.1.2)
- ggplot2 (3.5.0)
- gridExtra (2.3)